CHR	SNP	EMP1	EMP2	NonPermutation.A1	NonPermutation.OR	NonPermutation.P
916	6	exm518787	0.05263	0.0396	G	21.95	1.536e-06
1214	6	exm-rs2274089	0.01031	0.0396	T	5.322	1.469e-06
1292	6	exm-rs17270561	0.009901	0.0495	A	4.58	3.028e-06
1293	6	exm-rs17342717_ver4	0.01031	0.009901	T	10.1	1.433e-12
1298	6	exm-rs1408272	0.01163	0.009901	G	13.42	1.396e-15
1387	6	exm521729	0.01136	0.009901	A	15.3	3.438e-17
1516	6	exm-rs13194984	0.01	0.0495	T	4.686	2.483e-06
1541	6	exm-rs13194491	0.0119	0.009901	T	8.242	3.311e-10
1972	6	exm526329	0.01099	0.0198	A	6.187	9.693e-08
3068	6	exm532376	0.25	0.009901	A	144.9	2.788e-12
4693	6	exm541973	0.08333	0.009901	A	46.45	5.154e-09
6484	6	exm553234	0.5	0.009901	A	409.6	5.057e-09
8049	6	exm562910	0.125	0.0396	C	28.65	5.16e-07
8829	6	exm567726	0.1429	0.0198	C	74.37	9.026e-08
10773	6	exm579535	0.1667	0.009901	T	59.17	8.171e-10
12554	6	exm590607	0.125	0.0396	T	43.01	1.512e-06
13075	6	exm593745	0.1429	0.009901	C	163.8	4.849e-09
13174	6	exm594625_ver3	0.07143	0.009901	A	37.13	2.906e-08
