fastPHASE FGF6-C21.chr-12.recode.phase.inp C21 
474219062	-7599.287140
491324012	-7597.270245
1306158307	-7597.559468
840541767	-7597.210995
992714802	-7596.768367
1981710309	-7597.160778
1594411520	-7597.031736
603644219	-7597.379681
1676985657	-7596.954896
19998612	-7598.471877
412703907	-7597.712135
427382830	-7598.005153
687116296	-7596.756065
1239501412	-7597.237338
826345997	-7598.328617
68381288	-7597.913951
1285855564	-7597.146664
1814900071	-7596.876519
534765343	-7597.147348
975596654	-7596.913518
1662483147	-7599.045099
1440648564	-7596.842774
1073627866	-7597.775982
106431968	-7597.174942
1467459906	-7597.387677
1341698761	-7597.009568
849232824	-7597.103772
758901841	-7596.906241
432517215	-7599.839906
1594660198	-7597.748697
1422533479	-7597.618528
726875292	-7596.946858
990062295	-7597.595633
488805360	-7597.603779
1462480845	-7596.914691
73925361	-7597.273592
1729624090	-7596.927961
2096196277	-7597.694939
